0 0.777371 0.276367 0.136946 0.438477
0 0.300439 0.430908 0.043574 0.072754
0 0.330465 0.437744 0.038447 0.062988
0 0.417063 0.439209 0.038081 0.074707
0 0.464848 0.424805 0.075064 0.126953
0 0.523068 0.411621 0.042841 0.115234
0 0.562614 0.419678 0.044306 0.074707
0 0.611315 0.428955 0.057488 0.089355
0 0.652142 0.416992 0.071036 0.113281
0 0.701391 0.421143 0.039912 0.121582
0 0.855547 0.251221 0.080190 0.479980
0 0.907909 0.240234 0.078726 0.479492
0 0.961919 0.256348 0.076163 0.511719
1 0.734713 0.834717 0.530575 0.314941
1 0.834859 0.553711 0.330282 0.084961
1 0.339802 0.235107 0.678872 0.433105
