0 0.222446 0.473877 0.444160 0.946777
0 0.725192 0.450195 0.372391 0.651367
0 0.611315 0.548584 0.045038 0.074707
0 0.547052 0.545410 0.047602 0.097656
0 0.435005 0.498535 0.072501 0.176758
0 0.277920 0.465332 0.109118 0.178711
0 0.371842 0.468506 0.070670 0.170410
0 0.971622 0.529785 0.056756 0.118164
0 0.906994 0.531250 0.062981 0.124023
0 0.514280 0.432373 0.078726 0.154785
0 0.427499 0.397217 0.104357 0.144043
0 0.164042 0.589600 0.073233 0.071777
1 0.502197 0.921143 0.995606 0.157715
1 0.729769 0.677246 0.540461 0.160156
