0 0.185710 0.731445 0.041992 0.145508
0 0.134766 0.707520 0.050130 0.143555
0 0.048177 0.628418 0.046875 0.199219
0 0.022461 0.631104 0.044271 0.206543
0 0.085938 0.687744 0.047526 0.153809
1 0.247559 0.870361 0.483398 0.259277
0 0.372070 0.786377 0.041016 0.118652
0 0.280273 0.763428 0.040365 0.091309
0 0.483073 0.685547 0.020833 0.062500
0 0.533691 0.690186 0.020508 0.057129
0 0.553874 0.698486 0.017904 0.055176
0 0.573893 0.698975 0.026042 0.045410
0 0.640462 0.692627 0.038737 0.089355
0 0.674967 0.706299 0.059570 0.104004
0 0.722493 0.705322 0.049154 0.124512
0 0.800781 0.708984 0.076823 0.115234
0 0.872396 0.714111 0.061198 0.142090
0 0.947266 0.728271 0.098307 0.170410
0 0.570801 0.601562 0.724935 0.079102
1 0.227214 0.894775 0.416016 0.210449
